304873607
125567214
313786782
312214190
125829994
301599460
311037212
311514608
310859418
313134470
315623488
314420514
125831404
314969940
314446287
311824866
125831594
304747025
315490847
313398034
310644026
301993309
311693006
311693055
303566665
125833301
315363473
315363507
303698757
315363663
315363671
125966176
301994331
315496307
315363697
120199492
309467579
313005084
308024611
304749013
313791881
311957252
301341467
311433221
304487812
311695589
310517131
311565972
120200969
311828578
119544229
119939445
307502823
308683796
308027556
126099761
308289925
315499822
304752173
304752223
315238170
315367946
312616824
313795700
310125877
300820628
311831234
310650478
313796492
313796542
300821238
120204672
311570048
311307987
312880933
313272288
304787948
312356702
309341071
120205737
300952975
119889186
314322975
313798712
300823200
306196601
314323205
314323353
314585589
300823796
314247479
314456013
300824604
311310536
315623512
304494800
315110700
314456377
311703581
311703748
311049498
314531542
314195496
310393152
314325416
313933467
306723297
315427476
307118000
311953848
120209473
311836829
314196270
310131404
314196296
315636720
315507061
314720780
315340232
119947976
314850322
120210372
314326497
312624091
